"/mnt/pmem0/scheinost/benchmark.db","10000","1","46043.9"
"/mnt/pmem0/scheinost/benchmark.db","10000","1","46226.3"
"/mnt/pmem0/scheinost/benchmark.db","10000","1","45319.8"
"benchmark.db","10000","0","45412.2"
"benchmark.db","10000","0","45012.2"
"benchmark.db","10000","0","44822.7"
"/mnt/pmem0/scheinost/benchmark.db","100000","1","41993.1"
"/mnt/pmem0/scheinost/benchmark.db","100000","1","41851.6"
"/mnt/pmem0/scheinost/benchmark.db","100000","1","41878"
"benchmark.db","100000","0","39835.4"
"benchmark.db","100000","0","39686.4"
"benchmark.db","100000","0","39751.8"
"/mnt/pmem0/scheinost/benchmark.db","500000","1","39865.7"
"/mnt/pmem0/scheinost/benchmark.db","500000","1","39635"
"/mnt/pmem0/scheinost/benchmark.db","500000","1","39682.9"
"benchmark.db","500000","0","36145.6"
"benchmark.db","500000","0","36104.7"
"benchmark.db","500000","0","36017.2"
"/mnt/pmem0/scheinost/benchmark.db","1000000","1","39113.5"
"/mnt/pmem0/scheinost/benchmark.db","1000000","1","38873.5"
"/mnt/pmem0/scheinost/benchmark.db","1000000","1","44133.4"
"benchmark.db","1000000","0","34630.4"
"benchmark.db","1000000","0","34571.1"
"benchmark.db","1000000","0","34655.9"
"/mnt/pmem0/scheinost/benchmark.db","2000000","1","38984.3"
"/mnt/pmem0/scheinost/benchmark.db","2000000","1","38886.8"
"/mnt/pmem0/scheinost/benchmark.db","2000000","1","39089.4"
"benchmark.db","2000000","0","34227.5"
"benchmark.db","2000000","0","34317.3"
"benchmark.db","2000000","0","34095.6"
"Loading","/mnt/pmem0/scheinost/benchmark.db","10000","true","7161","ms"
"Benchmark","/mnt/pmem0/scheinost/benchmark.db","10000","true","46067.3","tps"
"Benchmark","/mnt/pmem0/scheinost/benchmark.db","10000","true","46027.9","tps"
"Benchmark","/mnt/pmem0/scheinost/benchmark.db","10000","true","46565.6","tps"
"Loading","benchmark.db","10000","false","7413","ms"
"Benchmark","benchmark.db","10000","false","46711.3","tps"
"Benchmark","benchmark.db","10000","false","46455.8","tps"
"Benchmark","benchmark.db","10000","false","46702.6","tps"
"Loading","benchmark.db","10000","wal-only","7250","ms"
"Benchmark","benchmark.db","10000","wal-only","45834.9","tps"
"Benchmark","benchmark.db","10000","wal-only","45759.4","tps"
"Benchmark","benchmark.db","10000","wal-only","45714.7","tps"
"Loading","/mnt/pmem0/scheinost/benchmark.db","100000","true","73020","ms"
"Benchmark","/mnt/pmem0/scheinost/benchmark.db","100000","true","41952.8","tps"
"Benchmark","/mnt/pmem0/scheinost/benchmark.db","100000","true","42204.3","tps"
"Benchmark","/mnt/pmem0/scheinost/benchmark.db","100000","true","42223.5","tps"
"Loading","benchmark.db","100000","false","72787","ms"
"Benchmark","benchmark.db","100000","false","41117.4","tps"
"Benchmark","benchmark.db","100000","false","40955.2","tps"
"Benchmark","benchmark.db","100000","false","40875.8","tps"
"Loading","benchmark.db","100000","wal-only","72952","ms"
"Benchmark","benchmark.db","100000","wal-only","41804.7","tps"
"Benchmark","benchmark.db","100000","wal-only","41858.6","tps"
"Benchmark","benchmark.db","100000","wal-only","42717","tps"
"Loading","/mnt/pmem0/scheinost/benchmark.db","500000","true","365072","ms"
"Benchmark","/mnt/pmem0/scheinost/benchmark.db","500000","true","39916.7","tps"
"Benchmark","/mnt/pmem0/scheinost/benchmark.db","500000","true","39883","tps"
"Benchmark","/mnt/pmem0/scheinost/benchmark.db","500000","true","39778.2","tps"
"Loading","benchmark.db","500000","false","363578","ms"
"Benchmark","benchmark.db","500000","false","36948.2","tps"
"Benchmark","benchmark.db","500000","false","37179.4","tps"
"Benchmark","benchmark.db","500000","false","37105.3","tps"
"Loading","/mnt/pmem0/scheinost/benchmark.db","1000000","true","726716","ms"
"Benchmark","/mnt/pmem0/scheinost/benchmark.db","1000000","true","39011.9","tps"
"Benchmark","/mnt/pmem0/scheinost/benchmark.db","1000000","true","38975.3","tps"
"Benchmark","/mnt/pmem0/scheinost/benchmark.db","1000000","true","39174.2","tps"
"Loading","benchmark.db","1000000","false","724920","ms"
"Benchmark","benchmark.db","1000000","false","35468.9","tps"
"Benchmark","benchmark.db","1000000","false","35259.8","tps"
"Benchmark","benchmark.db","1000000","false","35420.4","tps"
"Loading","/mnt/pmem0/scheinost/benchmark.db","2000000","true","1454762","ms"
"Benchmark","/mnt/pmem0/scheinost/benchmark.db","2000000","true","38901.2","tps"
"Benchmark","/mnt/pmem0/scheinost/benchmark.db","2000000","true","38848.7","tps"
"Benchmark","/mnt/pmem0/scheinost/benchmark.db","2000000","true","39152.4","tps"
"Loading","benchmark.db","2000000","false","1448879","ms"
"Benchmark","benchmark.db","2000000","false","35001.3","tps"
"Benchmark","benchmark.db","2000000","false","35157.1","tps"
"Benchmark","benchmark.db","2000000","false","35018.5","tps"
"Loading","benchmark.db","10000","wal-only","7198","ms"
"Benchmark","benchmark.db","10000","wal-only","46415.7","tps"
"Benchmark","benchmark.db","10000","wal-only","46196.6","tps"
"Benchmark","benchmark.db","10000","wal-only","45820.4","tps"
"Loading","benchmark.db","10000","false","7515","ms"
"Benchmark","benchmark.db","10000","false","46714","tps"
"Benchmark","benchmark.db","10000","false","46632.8","tps"
"Benchmark","benchmark.db","10000","false","46528.8","tps"
"Loading","benchmark.db","10000","wal-true","7238","ms"
"Benchmark","benchmark.db","10000","wal-true","46941.8","tps"
"Benchmark","benchmark.db","10000","wal-true","46900.3","tps"
"Benchmark","benchmark.db","10000","wal-true","46732.5","tps"
"Loading","benchmark.db","100000","wal-only","72921","ms"
"Benchmark","benchmark.db","100000","wal-only","41962.1","tps"
"Benchmark","benchmark.db","100000","wal-only","42045.5","tps"
"Benchmark","benchmark.db","100000","wal-only","41812.8","tps"
"Loading","benchmark.db","100000","false","73011","ms"
"Benchmark","benchmark.db","100000","false","41144.4","tps"
"Benchmark","benchmark.db","100000","false","40776.1","tps"
"Benchmark","benchmark.db","100000","false","41035.7","tps"
"Loading","benchmark.db","100000","wal-true","72796","ms"
"Benchmark","benchmark.db","100000","wal-true","40849.2","tps"
"Benchmark","benchmark.db","100000","wal-true","40989.2","tps"
"Benchmark","benchmark.db","100000","wal-true","40820.2","tps"
"Loading","benchmark.db","500000","wal-only","364119","ms"
"Benchmark","benchmark.db","500000","wal-only","39889","tps"
"Benchmark","benchmark.db","500000","wal-only","40003.5","tps"
"Benchmark","benchmark.db","500000","wal-only","39836","tps"
"Loading","benchmark.db","500000","false","363621","ms"
"Benchmark","benchmark.db","500000","false","37111.8","tps"
"Benchmark","benchmark.db","500000","false","37102.8","tps"
"Benchmark","benchmark.db","500000","false","37154","tps"
"Loading","benchmark.db","500000","wal-true","363353","ms"
"Benchmark","benchmark.db","500000","wal-true","37228","tps"
"Benchmark","benchmark.db","500000","wal-true","37010.4","tps"
"Benchmark","benchmark.db","500000","wal-true","37046.1","tps"
"Loading","benchmark.db","10000","wal-only","8180","ms"
"Benchmark","benchmark.db","10000","wal-only","42221.5","tps"
"Benchmark","benchmark.db","10000","wal-only","45366.6","tps"
"Benchmark","benchmark.db","10000","wal-only","45175.8","tps"
"Loading","benchmark.db","10000","false","7279","ms"
"Benchmark","benchmark.db","10000","false","46511.8","tps"
"Benchmark","benchmark.db","10000","false","46625.9","tps"
"Benchmark","benchmark.db","10000","false","46702.6","tps"
"Loading","/mnt/pmem0/scheinost/benchmark.db","10000","true","7269","ms"
"Benchmark","/mnt/pmem0/scheinost/benchmark.db","10000","true","45541.8","tps"
"Benchmark","/mnt/pmem0/scheinost/benchmark.db","10000","true","45398.5","tps"
"Benchmark","/mnt/pmem0/scheinost/benchmark.db","10000","true","45610.1","tps"
"Loading","benchmark.db","100000","wal-only","73247","ms"
"Benchmark","benchmark.db","100000","wal-only","42207.3","tps"
"Benchmark","benchmark.db","100000","wal-only","42182.1","tps"
"Benchmark","benchmark.db","100000","wal-only","41955","tps"
"Loading","benchmark.db","100000","false","72573","ms"
"Benchmark","benchmark.db","100000","false","40990.6","tps"
"Benchmark","benchmark.db","100000","false","40870.4","tps"
"Benchmark","benchmark.db","100000","false","40780.5","tps"
"Loading","/mnt/pmem0/scheinost/benchmark.db","100000","true","73002","ms"
"Benchmark","/mnt/pmem0/scheinost/benchmark.db","100000","true","42193.4","tps"
"Benchmark","/mnt/pmem0/scheinost/benchmark.db","100000","true","42286","tps"
"Benchmark","/mnt/pmem0/scheinost/benchmark.db","100000","true","42202.3","tps"
"Loading","benchmark.db","500000","wal-only","365293","ms"
"Benchmark","benchmark.db","500000","wal-only","39747.6","tps"
"Benchmark","benchmark.db","500000","wal-only","39693.7","tps"
"Benchmark","benchmark.db","500000","wal-only","39831.1","tps"
"Loading","benchmark.db","500000","false","363348","ms"
"Benchmark","benchmark.db","500000","false","37171.3","tps"
"Benchmark","benchmark.db","500000","false","36939","tps"
"Benchmark","benchmark.db","500000","false","36835.5","tps"
"Loading","/mnt/pmem0/scheinost/benchmark.db","500000","true","365948","ms"
"Benchmark","/mnt/pmem0/scheinost/benchmark.db","500000","true","39879.8","tps"
"Benchmark","/mnt/pmem0/scheinost/benchmark.db","500000","true","39939.8","tps"
"Benchmark","/mnt/pmem0/scheinost/benchmark.db","500000","true","39864.2","tps"
"Loading","benchmark.db","1000000","wal-only","730003","ms"
"Benchmark","benchmark.db","1000000","wal-only","39051.1","tps"
"Benchmark","benchmark.db","1000000","wal-only","39192.8","tps"
"Benchmark","benchmark.db","1000000","wal-only","39098.1","tps"
"Loading","benchmark.db","1000000","false","724928","ms"
"Benchmark","benchmark.db","1000000","false","35365.4","tps"
"Benchmark","benchmark.db","1000000","false","35411.1","tps"
"Benchmark","benchmark.db","1000000","false","35583.9","tps"
"Loading","/mnt/pmem0/scheinost/benchmark.db","1000000","true","730156","ms"
"Benchmark","/mnt/pmem0/scheinost/benchmark.db","1000000","true","38943.6","tps"
"Benchmark","/mnt/pmem0/scheinost/benchmark.db","1000000","true","39272.4","tps"
"Benchmark","/mnt/pmem0/scheinost/benchmark.db","1000000","true","39354.9","tps"
"Loading","benchmark.db","2000000","wal-only","1456545","ms"
"Benchmark","benchmark.db","2000000","wal-only","38820","tps"
"Benchmark","benchmark.db","2000000","wal-only","38818.2","tps"
"Benchmark","benchmark.db","2000000","wal-only","38916.8","tps"
"Loading","benchmark.db","2000000","false","1454670","ms"
"Benchmark","benchmark.db","2000000","false","34952.4","tps"
"Benchmark","benchmark.db","2000000","false","34927.9","tps"
"Benchmark","benchmark.db","2000000","false","34677.8","tps"
"Loading","/mnt/pmem0/scheinost/benchmark.db","2000000","true","1461219","ms"
"Benchmark","/mnt/pmem0/scheinost/benchmark.db","2000000","true","38807","tps"
"Benchmark","/mnt/pmem0/scheinost/benchmark.db","2000000","true","39113","tps"
"Benchmark","/mnt/pmem0/scheinost/benchmark.db","2000000","true","38967.1","tps"
#########################################
		new test run
#########################################
"Loading","benchmark.db","10000","wal-only","7159","ms"
"Benchmark","benchmark.db","10000","wal-only","46116.8","tps"
"Benchmark","benchmark.db","10000","wal-only","46027.1","tps"
"Benchmark","benchmark.db","10000","wal-only","45581.6","tps"
"Loading","benchmark.db","10000","false","7552","ms"
"Benchmark","benchmark.db","10000","false","46904.8","tps"
"Benchmark","benchmark.db","10000","false","46776.3","tps"
"Benchmark","benchmark.db","10000","false","46793","tps"
"Loading","/mnt/pmem0/scheinost/benchmark.db","10000","true","7255","ms"
"Benchmark","/mnt/pmem0/scheinost/benchmark.db","10000","true","45744.6","tps"
"Benchmark","/mnt/pmem0/scheinost/benchmark.db","10000","true","46078.7","tps"
"Benchmark","/mnt/pmem0/scheinost/benchmark.db","10000","true","45949.1","tps"
"Loading","benchmark.db","10000","pmem-nvme","7332","ms"
"Benchmark","benchmark.db","10000","pmem-nvme","46062.2","tps"
"Benchmark","benchmark.db","10000","pmem-nvme","46321.1","tps"
"Benchmark","benchmark.db","10000","pmem-nvme","46065.6","tps"
"Loading","benchmark.db","100000","wal-only","73026","ms"
"Benchmark","benchmark.db","100000","wal-only","42020.1","tps"
"Benchmark","benchmark.db","100000","wal-only","41938.2","tps"
"Benchmark","benchmark.db","100000","wal-only","41909.2","tps"
"Loading","benchmark.db","100000","false","72891","ms"
"Benchmark","benchmark.db","100000","false","41071.9","tps"
"Benchmark","benchmark.db","100000","false","41460.2","tps"
"Benchmark","benchmark.db","100000","false","40941.3","tps"
"Loading","/mnt/pmem0/scheinost/benchmark.db","100000","true","72913","ms"
"Benchmark","/mnt/pmem0/scheinost/benchmark.db","100000","true","42078.2","tps"
"Benchmark","/mnt/pmem0/scheinost/benchmark.db","100000","true","42324.5","tps"
"Benchmark","/mnt/pmem0/scheinost/benchmark.db","100000","true","42373.8","tps"
"Loading","benchmark.db","100000","pmem-nvme","72841","ms"
"Benchmark","benchmark.db","100000","pmem-nvme","41936.7","tps"
"Benchmark","benchmark.db","100000","pmem-nvme","42267","tps"
"Benchmark","benchmark.db","100000","pmem-nvme","42145.4","tps"
"Loading","benchmark.db","500000","wal-only","364968","ms"
"Benchmark","benchmark.db","500000","wal-only","40025","tps"
"Benchmark","benchmark.db","500000","wal-only","39831.8","tps"
"Benchmark","benchmark.db","500000","wal-only","40163.6","tps"
"Loading","benchmark.db","500000","false","363075","ms"
"Benchmark","benchmark.db","500000","false","37071.5","tps"
"Benchmark","benchmark.db","500000","false","37105.5","tps"
"Benchmark","benchmark.db","500000","false","37171.8","tps"
"Loading","/mnt/pmem0/scheinost/benchmark.db","500000","true","364961","ms"
"Benchmark","/mnt/pmem0/scheinost/benchmark.db","500000","true","39654.3","tps"
"Benchmark","/mnt/pmem0/scheinost/benchmark.db","500000","true","40254.6","tps"
"Benchmark","/mnt/pmem0/scheinost/benchmark.db","500000","true","39888.6","tps"
"Loading","benchmark.db","500000","pmem-nvme","364825","ms"
"Benchmark","benchmark.db","500000","pmem-nvme","39903.9","tps"
"Benchmark","benchmark.db","500000","pmem-nvme","40024.3","tps"
"Benchmark","benchmark.db","500000","pmem-nvme","39913.8","tps"
"Loading","benchmark.db","1000000","wal-only","730706","ms"
"Benchmark","benchmark.db","1000000","wal-only","38849.8","tps"
"Benchmark","benchmark.db","1000000","wal-only","38903.5","tps"
"Benchmark","benchmark.db","1000000","wal-only","38962.7","tps"
"Loading","benchmark.db","1000000","false","725583","ms"
"Benchmark","benchmark.db","1000000","false","35459.5","tps"
"Benchmark","benchmark.db","1000000","false","35591.2","tps"
"Benchmark","benchmark.db","1000000","false","35478.2","tps"
"Loading","/mnt/pmem0/scheinost/benchmark.db","1000000","true","729025","ms"
"Benchmark","/mnt/pmem0/scheinost/benchmark.db","1000000","true","38795.9","tps"
"Benchmark","/mnt/pmem0/scheinost/benchmark.db","1000000","true","39012.5","tps"
"Benchmark","/mnt/pmem0/scheinost/benchmark.db","1000000","true","39135.2","tps"
"Loading","benchmark.db","1000000","pmem-nvme","728661","ms"
"Benchmark","benchmark.db","1000000","pmem-nvme","39376.1","tps"
"Benchmark","benchmark.db","1000000","pmem-nvme","39159.3","tps"
"Benchmark","benchmark.db","1000000","pmem-nvme","39180.1","tps"
"Loading","benchmark.db","2000000","wal-only","1464463","ms"
"Benchmark","benchmark.db","2000000","wal-only","38928.5","tps"
"Benchmark","benchmark.db","2000000","wal-only","38911.3","tps"
"Benchmark","benchmark.db","2000000","wal-only","39025","tps"
"Loading","benchmark.db","2000000","false","1454592","ms"
"Benchmark","benchmark.db","2000000","false","35192.3","tps"
"Benchmark","benchmark.db","2000000","false","35088.2","tps"
"Benchmark","benchmark.db","2000000","false","35227.6","tps"
"Loading","/mnt/pmem0/scheinost/benchmark.db","2000000","true","1465847","ms"
"Benchmark","/mnt/pmem0/scheinost/benchmark.db","2000000","true","38740.9","tps"
"Benchmark","/mnt/pmem0/scheinost/benchmark.db","2000000","true","38896.5","tps"
"Benchmark","/mnt/pmem0/scheinost/benchmark.db","2000000","true","38899.8","tps"
"Loading","benchmark.db","2000000","pmem-nvme","1465843","ms"
"Benchmark","benchmark.db","2000000","pmem-nvme","38922.2","tps"
"Benchmark","benchmark.db","2000000","pmem-nvme","39009.5","tps"
"Benchmark","benchmark.db","2000000","pmem-nvme","39104.1","tps"
#########################################
		new test run
#########################################
"Loading","benchmark.db","10000","wal-only","7183","ms"
"Benchmark","benchmark.db","10000","wal-only","42759.6","tps"
"Benchmark","benchmark.db","10000","wal-only","43557.8","tps"
"Benchmark","benchmark.db","10000","wal-only","45229.3","tps"
"Loading","benchmark.db","10000","false","7228","ms"
"Benchmark","benchmark.db","10000","false","46395.1","tps"
"Benchmark","benchmark.db","10000","false","46158.1","tps"
"Benchmark","benchmark.db","10000","false","46287.6","tps"
"Loading","/mnt/pmem0/scheinost/benchmark.db","10000","true","7176","ms"
"Benchmark","/mnt/pmem0/scheinost/benchmark.db","10000","true","44905.2","tps"
"Benchmark","/mnt/pmem0/scheinost/benchmark.db","10000","true","45104.5","tps"
"Benchmark","/mnt/pmem0/scheinost/benchmark.db","10000","true","45337.8","tps"
"Loading","benchmark.db","10000","pmem-nvme","7325","ms"
"Benchmark","benchmark.db","10000","pmem-nvme","45234.5","tps"
"Benchmark","benchmark.db","10000","pmem-nvme","45236.7","tps"
"Benchmark","benchmark.db","10000","pmem-nvme","45375","tps"
"Loading","benchmark.db","100000","wal-only","73282","ms"
"Benchmark","benchmark.db","100000","wal-only","41590.7","tps"
"Benchmark","benchmark.db","100000","wal-only","41515.4","tps"
"Benchmark","benchmark.db","100000","wal-only","41506.6","tps"
"Loading","benchmark.db","100000","false","73025","ms"
"Benchmark","benchmark.db","100000","false","40489.3","tps"
"Benchmark","benchmark.db","100000","false","40616.1","tps"
"Benchmark","benchmark.db","100000","false","40281.1","tps"
"Loading","/mnt/pmem0/scheinost/benchmark.db","100000","true","72683","ms"
"Benchmark","/mnt/pmem0/scheinost/benchmark.db","100000","true","41650.5","tps"
"Benchmark","/mnt/pmem0/scheinost/benchmark.db","100000","true","41676","tps"
"Benchmark","/mnt/pmem0/scheinost/benchmark.db","100000","true","41767.9","tps"
"Loading","benchmark.db","100000","pmem-nvme","72964","ms"
"Benchmark","benchmark.db","100000","pmem-nvme","41570.9","tps"
"Benchmark","benchmark.db","100000","pmem-nvme","41926.2","tps"
"Benchmark","benchmark.db","100000","pmem-nvme","41797.7","tps"
#########################################
		new test run
#########################################
"Loading","/mnt/pmem0/scheinost/benchmark.db","10000","true","149","ms"
"Benchmark","/mnt/pmem0/scheinost/benchmark.db","10000","true","46545.6","tps"
"Benchmark","/mnt/pmem0/scheinost/benchmark.db","10000","true","46470.2","tps"
"Benchmark","/mnt/pmem0/scheinost/benchmark.db","10000","true","46759.8","tps"
"Loading","benchmark.db","10000","false","168","ms"
"Benchmark","benchmark.db","10000","false","46146.7","tps"
"Benchmark","benchmark.db","10000","false","45807.8","tps"
"Benchmark","benchmark.db","10000","false","46125.1","tps"
"Loading","/mnt/pmem0/scheinost/benchmark.db","10000","true","149","ms"
"Benchmark","/mnt/pmem0/scheinost/benchmark.db","10000","true","46817.1","tps"
"Benchmark","/mnt/pmem0/scheinost/benchmark.db","10000","true","46576.8","tps"
"Benchmark","/mnt/pmem0/scheinost/benchmark.db","10000","true","47240.6","tps"
"Loading","benchmark.db","10000","pmem-nvme","153","ms"
"Benchmark","benchmark.db","10000","pmem-nvme","46589.3","tps"
"Benchmark","benchmark.db","10000","pmem-nvme","46817.1","tps"
"Benchmark","benchmark.db","10000","pmem-nvme","46786.6","tps"
"Loading","/mnt/pmem0/scheinost/benchmark.db","100000","true","1498","ms"
#########################################
		new test run
#########################################
"Loading","/mnt/pmem0/scheinost/benchmark.db","10000","true","503","ms"
"Loading","benchmark.db","10000","false","175","ms"
"Loading","/mnt/pmem0/scheinost/benchmark.db","10000","true","471","ms"
"Loading","benchmark.db","10000","pmem-nvme","459","ms"
"Loading","/mnt/pmem0/scheinost/benchmark.db","100000","true","5688","ms"
"Loading","benchmark.db","100000","false","1929","ms"
"Loading","/mnt/pmem0/scheinost/benchmark.db","100000","true","5723","ms"
"Loading","benchmark.db","100000","pmem-nvme","5567","ms"
#########################################
		new test run
#########################################
"Loading","/mnt/pmem0/scheinost/benchmark.db","10000","true","486","ms"
"Loading","benchmark.db","10000","false","165","ms"
"Loading","/mnt/pmem0/scheinost/benchmark.db","10000","true","469","ms"
"Loading","benchmark.db","10000","pmem-nvme","507","ms"
"Loading","/mnt/pmem0/scheinost/benchmark.db","100000","true","5721","ms"
"Loading","benchmark.db","100000","false","1822","ms"
"Loading","/mnt/pmem0/scheinost/benchmark.db","100000","true","5698","ms"
"Loading","benchmark.db","100000","pmem-nvme","5675","ms"
"Loading","/mnt/pmem0/scheinost/benchmark.db","1000000","true","59495","ms"
"Loading","benchmark.db","1000000","false","18968","ms"
#########################################
		new test run
#########################################
"Loading","/mnt/pmem0/scheinost/benchmark.db","10000","true","509","ms"
"Loading","benchmark.db","10000","false","166","ms"
"Loading","benchmark.db","10000","wal-only","475","ms"
"Loading","benchmark.db","10000","pmem-nvme","486","ms"
"Loading","/mnt/pmem0/scheinost/benchmark.db","100000","true","5708","ms"
"Loading","benchmark.db","100000","false","1828","ms"
"Loading","benchmark.db","100000","wal-only","5530","ms"
"Loading","benchmark.db","100000","pmem-nvme","5699","ms"
"Loading","/mnt/pmem0/scheinost/benchmark.db","1000000","true","59434","ms"
"Loading","benchmark.db","1000000","false","19709","ms"
"Loading","benchmark.db","1000000","wal-only","61934","ms"
"Loading","benchmark.db","1000000","pmem-nvme","58677","ms"
#########################################
		new test run
#########################################
"Loading","/mnt/pmem0/scheinost/benchmark.db","10000","true","150","ms"
"Loading","benchmark.db","10000","false","162","ms"
"Loading","benchmark.db","10000","wal-only","473","ms"
"Loading","benchmark.db","10000","pmem-nvme","150","ms"
"Loading","/mnt/pmem0/scheinost/benchmark.db","100000","true","1555","ms"
"Loading","benchmark.db","100000","false","1778","ms"
"Loading","benchmark.db","100000","wal-only","5667","ms"
"Loading","benchmark.db","100000","pmem-nvme","1573","ms"
"Loading","/mnt/pmem0/scheinost/benchmark.db","1000000","true","15817","ms"
"Loading","benchmark.db","1000000","false","18821","ms"
"Loading","benchmark.db","1000000","wal-only","59927","ms"
"Loading","benchmark.db","1000000","pmem-nvme","16757","ms"

#########################################
		new test run LOADING TIMES PMEMPERSIST IN WRITE FUNCTION
#########################################
#########################################
		new test run
#########################################
"Loading","/mnt/pmem0/scheinost/benchmark.db","10000","true","501","ms"
"Loading","benchmark.db","10000","false","169","ms"
"Loading","benchmark.db","10000","wal-only","465","ms"
"Loading","benchmark.db","10000","pmem-nvme","465","ms"
"Loading","/mnt/pmem0/scheinost/benchmark.db","100000","true","5646","ms"
"Loading","benchmark.db","100000","false","1844","ms"
"Loading","benchmark.db","100000","wal-only","5669","ms"
"Loading","benchmark.db","100000","pmem-nvme","5620","ms"
"Loading","/mnt/pmem0/scheinost/benchmark.db","1000000","true","59190","ms"
"Loading","benchmark.db","1000000","false","19692","ms"
"Loading","benchmark.db","1000000","wal-only","61611","ms"
"Loading","benchmark.db","1000000","pmem-nvme","60242","ms"
"Loading","/mnt/pmem0/scheinost/benchmark.db","10000000","true","623617","ms"
"Loading","benchmark.db","10000000","false","203216","ms"
"Loading","benchmark.db","10000000","wal-only","622986","ms"
"Loading","benchmark.db","10000000","pmem-nvme","623951","ms"


#########################################
		new test run LOADING TIMES PMEMPERSIST IN SYNC FUNCTION
##################################################################################
		new test run
#########################################
"Loading","/mnt/pmem0/scheinost/benchmark.db","10000","true","152","ms"
"Loading","benchmark.db","10000","false","167","ms"
"Loading","benchmark.db","10000","wal-only","151","ms"
"Loading","benchmark.db","10000","pmem-nvme","153","ms"
"Loading","/mnt/pmem0/scheinost/benchmark.db","100000","true","1568","ms"
"Loading","benchmark.db","100000","false","1837","ms"
"Loading","benchmark.db","100000","wal-only","1601","ms"
"Loading","benchmark.db","100000","pmem-nvme","1662","ms"
"Loading","/mnt/pmem0/scheinost/benchmark.db","1000000","true","16437","ms"
"Loading","benchmark.db","1000000","false","18920","ms"
"Loading","benchmark.db","1000000","wal-only","15708","ms"
"Loading","benchmark.db","1000000","pmem-nvme","15757","ms"
"Loading","/mnt/pmem0/scheinost/benchmark.db","10000000","true","175437","ms"
"Loading","benchmark.db","10000000","false","202830","ms"
"Loading","benchmark.db","10000000","wal-only","170230","ms"
"Loading","benchmark.db","10000000","pmem-nvme","171417","ms"


#########################################
		new test run EVAL Test TIMES PMEMPERSIST IN SYNC FUNCTION
#########################################

#########################################
		new test run
#########################################
"Loading","/mnt/pmem0/scheinost/benchmark.db","10000","true","150","ms"
"Benchmark","/mnt/pmem0/scheinost/benchmark.db","10000","true","47166.1","tps"
"Benchmark","/mnt/pmem0/scheinost/benchmark.db","10000","true","47030.7","tps"
"Benchmark","/mnt/pmem0/scheinost/benchmark.db","10000","true","47037.2","tps"
"Loading","benchmark.db","10000","false","169","ms"
"Benchmark","benchmark.db","10000","false","46087.7","tps"
"Benchmark","benchmark.db","10000","false","46023.2","tps"
"Benchmark","benchmark.db","10000","false","46267.7","tps"
"Loading","benchmark.db","10000","wal-only","151","ms"
"Benchmark","benchmark.db","10000","wal-only","46390.6","tps"
"Benchmark","benchmark.db","10000","wal-only","46671.2","tps"
"Benchmark","benchmark.db","10000","wal-only","46535.7","tps"
"Loading","benchmark.db","10000","pmem-nvme","150","ms"
"Benchmark","benchmark.db","10000","pmem-nvme","46700.9","tps"
"Benchmark","benchmark.db","10000","pmem-nvme","46670.7","tps"
"Benchmark","benchmark.db","10000","pmem-nvme","46860.8","tps"
"Loading","/mnt/pmem0/scheinost/benchmark.db","100000","true","1593","ms"
"Benchmark","/mnt/pmem0/scheinost/benchmark.db","100000","true","43359.7","tps"
"Benchmark","/mnt/pmem0/scheinost/benchmark.db","100000","true","43118.4","tps"
"Benchmark","/mnt/pmem0/scheinost/benchmark.db","100000","true","43439.4","tps"
"Loading","benchmark.db","100000","false","1875","ms"
"Benchmark","benchmark.db","100000","false","41859.2","tps"
"Benchmark","benchmark.db","100000","false","42365.2","tps"
"Benchmark","benchmark.db","100000","false","44128.9","tps"
"Loading","benchmark.db","100000","wal-only","1574","ms"
"Benchmark","benchmark.db","100000","wal-only","43407.2","tps"
"Benchmark","benchmark.db","100000","wal-only","43299","tps"
"Benchmark","benchmark.db","100000","wal-only","43072.8","tps"
"Loading","benchmark.db","100000","pmem-nvme","1570","ms"
"Benchmark","benchmark.db","100000","pmem-nvme","43345.8","tps"
"Benchmark","benchmark.db","100000","pmem-nvme","43333.3","tps"
"Benchmark","benchmark.db","100000","pmem-nvme","43373.1","tps"
"Loading","/mnt/pmem0/scheinost/benchmark.db","1000000","true","16534","ms"
"Benchmark","/mnt/pmem0/scheinost/benchmark.db","1000000","true","37766.3","tps"
"Benchmark","/mnt/pmem0/scheinost/benchmark.db","1000000","true","40359","tps"
"Benchmark","/mnt/pmem0/scheinost/benchmark.db","1000000","true","40073.9","tps"
"Loading","benchmark.db","1000000","false","20025","ms"
"Benchmark","benchmark.db","1000000","false","36567.4","tps"
"Benchmark","benchmark.db","1000000","false","37687","tps"
"Benchmark","benchmark.db","1000000","false","37408.4","tps"
"Loading","benchmark.db","1000000","wal-only","15770","ms"
"Benchmark","benchmark.db","1000000","wal-only","40186","tps"
"Benchmark","benchmark.db","1000000","wal-only","40266.9","tps"
"Benchmark","benchmark.db","1000000","wal-only","40017.5","tps"
"Loading","benchmark.db","1000000","pmem-nvme","15703","ms"
"Benchmark","benchmark.db","1000000","pmem-nvme","40114.8","tps"
"Benchmark","benchmark.db","1000000","pmem-nvme","40065.8","tps"
"Benchmark","benchmark.db","1000000","pmem-nvme","39965.6","tps"
"Loading","/mnt/pmem0/scheinost/benchmark.db","10000000","true","169912","ms"
"Benchmark","/mnt/pmem0/scheinost/benchmark.db","10000000","true","37916.9","tps"
"Benchmark","/mnt/pmem0/scheinost/benchmark.db","10000000","true","50409.4","tps"
"Benchmark","/mnt/pmem0/scheinost/benchmark.db","10000000","true","38033.8","tps"
"Loading","benchmark.db","10000000","false","201834","ms"
"Benchmark","benchmark.db","10000000","false","34294.2","tps"
"Benchmark","benchmark.db","10000000","false","34387.9","tps"
"Benchmark","benchmark.db","10000000","false","34304.7","tps"
"Loading","benchmark.db","10000000","wal-only","170142","ms"
"Benchmark","benchmark.db","10000000","wal-only","37762.7","tps"
"Benchmark","benchmark.db","10000000","wal-only","37768.6","tps"
"Benchmark","benchmark.db","10000000","wal-only","37802.2","tps"
"Loading","benchmark.db","10000000","pmem-nvme","169980","ms"
"Benchmark","benchmark.db","10000000","pmem-nvme","37925.2","tps"
"Benchmark","benchmark.db","10000000","pmem-nvme","37763.5","tps"
"Benchmark","benchmark.db","10000000","pmem-nvme","37804.4","tps"

#########################################
		new test run EVAL Test TIMES PMEMPERSIST IN WRITE FUNCTION
#########################################
#########################################
		new test run
#########################################
"Loading","/mnt/pmem0/scheinost/benchmark.db","10000","true","494","ms"
"Benchmark","/mnt/pmem0/scheinost/benchmark.db","10000","true","13370.3","tps"
"Benchmark","/mnt/pmem0/scheinost/benchmark.db","10000","true","13387.3","tps"
"Benchmark","/mnt/pmem0/scheinost/benchmark.db","10000","true","13485.9","tps"
"Loading","benchmark.db","10000","wal-only","468","ms"
"Benchmark","benchmark.db","10000","wal-only","13404.9","tps"
"Benchmark","benchmark.db","10000","wal-only","13494.8","tps"
"Benchmark","benchmark.db","10000","wal-only","13472.6","tps"
"Loading","benchmark.db","10000","pmem-nvme","467","ms"
"Benchmark","benchmark.db","10000","pmem-nvme","13415.3","tps"
"Benchmark","benchmark.db","10000","pmem-nvme","13511.6","tps"
"Benchmark","benchmark.db","10000","pmem-nvme","13560.3","tps"
"Loading","/mnt/pmem0/scheinost/benchmark.db","100000","true","5784","ms"
"Benchmark","/mnt/pmem0/scheinost/benchmark.db","100000","true","12911.3","tps"
"Benchmark","/mnt/pmem0/scheinost/benchmark.db","100000","true","12895","tps"
"Benchmark","/mnt/pmem0/scheinost/benchmark.db","100000","true","12994.6","tps"
"Loading","benchmark.db","100000","wal-only","5811","ms"
"Benchmark","benchmark.db","100000","wal-only","12932.1","tps"
"Benchmark","benchmark.db","100000","wal-only","12903.2","tps"
"Benchmark","benchmark.db","100000","wal-only","12949.2","tps"
"Loading","benchmark.db","100000","pmem-nvme","6056","ms"
"Benchmark","benchmark.db","100000","pmem-nvme","13019","tps"
"Benchmark","benchmark.db","100000","pmem-nvme","12894.2","tps"
"Benchmark","benchmark.db","100000","pmem-nvme","13013.7","tps"
"Loading","/mnt/pmem0/scheinost/benchmark.db","1000000","true","59861","ms"
"Benchmark","/mnt/pmem0/scheinost/benchmark.db","1000000","true","12343","tps"
"Benchmark","/mnt/pmem0/scheinost/benchmark.db","1000000","true","12405.5","tps"
"Benchmark","/mnt/pmem0/scheinost/benchmark.db","1000000","true","12429.5","tps"
"Loading","benchmark.db","1000000","wal-only","59357","ms"
"Benchmark","benchmark.db","1000000","wal-only","12410.4","tps"
"Benchmark","benchmark.db","1000000","wal-only","12438.1","tps"
"Benchmark","benchmark.db","1000000","wal-only","12394.6","tps"
"Loading","benchmark.db","1000000","pmem-nvme","58283","ms"
"Benchmark","benchmark.db","1000000","pmem-nvme","12358","tps"
"Benchmark","benchmark.db","1000000","pmem-nvme","12341.4","tps"
"Benchmark","benchmark.db","1000000","pmem-nvme","12392","tps"
"Loading","/mnt/pmem0/scheinost/benchmark.db","10000000","true","628804","ms"
"Benchmark","/mnt/pmem0/scheinost/benchmark.db","10000000","true","11903.7","tps"
"Benchmark","/mnt/pmem0/scheinost/benchmark.db","10000000","true","12030.1","tps"
"Benchmark","/mnt/pmem0/scheinost/benchmark.db","10000000","true","12035.4","tps"
"Loading","benchmark.db","10000000","wal-only","627080","ms"
"Benchmark","benchmark.db","10000000","wal-only","12037.4","tps"
"Benchmark","benchmark.db","10000000","wal-only","11951.4","tps"
"Benchmark","benchmark.db","10000000","wal-only","12060.3","tps"
"Loading","benchmark.db","10000000","pmem-nvme","622886","ms"
"Benchmark","benchmark.db","10000000","pmem-nvme","12000.4","tps"
"Benchmark","benchmark.db","10000000","pmem-nvme","12014","tps"
"Benchmark","benchmark.db","10000000","pmem-nvme","11996.4","tps"
#########################################
		new test run
#########################################
"Loading","/mnt/pmem0/scheinost/benchmark.db","10000","true","463","ms"
"Benchmark","/mnt/pmem0/scheinost/benchmark.db","10000","true","484698","tps"
"Benchmark","/mnt/pmem0/scheinost/benchmark.db","10000","true","491744","tps"
"Benchmark","/mnt/pmem0/scheinost/benchmark.db","10000","true","493929","tps"
#########################################
		new test run
#########################################
"Loading","/mnt/pmem0/scheinost/benchmark.db","10000","true","506","ms"
#########################################
		new test run
#########################################
"Loading","/mnt/pmem0/scheinost/benchmark.db","10000","true","153","ms"
"Benchmark","/mnt/pmem0/scheinost/benchmark.db","10000","true","503446","tps"
"Benchmark","/mnt/pmem0/scheinost/benchmark.db","10000","true","521570","tps"
"Benchmark","/mnt/pmem0/scheinost/benchmark.db","10000","true","0","tps"
"Loading","benchmark.db","10000","false","170","ms"
"Benchmark","benchmark.db","10000","false","216982","tps"
"Benchmark","benchmark.db","10000","false","491494","tps"
"Benchmark","benchmark.db","10000","false","220520","tps"
"Loading","benchmark.db","10000","wal-only","150","ms"
"Benchmark","benchmark.db","10000","wal-only","535029","tps"
"Benchmark","benchmark.db","10000","wal-only","530917","tps"
"Benchmark","benchmark.db","10000","wal-only","286148","tps"
"Loading","benchmark.db","10000","pmem-nvme","151","ms"
"Benchmark","benchmark.db","10000","pmem-nvme","278786","tps"
"Benchmark","benchmark.db","10000","pmem-nvme","283640","tps"
"Benchmark","benchmark.db","10000","pmem-nvme","0","tps"
"Loading","/mnt/pmem0/scheinost/benchmark.db","100000","true","1551","ms"
"Benchmark","/mnt/pmem0/scheinost/benchmark.db","100000","true","0","tps"
"Benchmark","/mnt/pmem0/scheinost/benchmark.db","100000","true","523138","tps"
"Benchmark","/mnt/pmem0/scheinost/benchmark.db","100000","true","510139","tps"
"Loading","benchmark.db","100000","false","1835","ms"
"Benchmark","benchmark.db","100000","false","439032","tps"
"Benchmark","benchmark.db","100000","false","412474","tps"
#########################################
		new test run
#########################################
"Loading","/mnt/pmem0/scheinost/benchmark.db","10000","true","152","ms"
"Benchmark","/mnt/pmem0/scheinost/benchmark.db","10000","true","513162","tps"
"Benchmark","/mnt/pmem0/scheinost/benchmark.db","10000","true","481486","tps"
"Benchmark","/mnt/pmem0/scheinost/benchmark.db","10000","true","489972","tps"
"Loading","benchmark.db","10000","false","164","ms"
"Benchmark","benchmark.db","10000","false","426720","tps"
"Benchmark","benchmark.db","10000","false","463009","tps"
"Benchmark","benchmark.db","10000","false","428841","tps"
"Loading","benchmark.db","10000","wal-only","151","ms"
"Benchmark","benchmark.db","10000","wal-only","549974","tps"
"Benchmark","benchmark.db","10000","wal-only","486206","tps"
"Benchmark","benchmark.db","10000","wal-only","0","tps"
"Loading","benchmark.db","10000","pmem-nvme","149","ms"
"Benchmark","benchmark.db","10000","pmem-nvme","540926","tps"
#########################################
		new test run
#########################################
"Loading","/mnt/pmem0/scheinost/benchmark.db","10000","true","151","ms"
"Benchmark","/mnt/pmem0/scheinost/benchmark.db","10000","true","276656","tps"
"Benchmark","/mnt/pmem0/scheinost/benchmark.db","10000","true","491211","tps"
"Benchmark","/mnt/pmem0/scheinost/benchmark.db","10000","true","288239","tps"
"Loading","benchmark.db","10000","false","168","ms"
"Benchmark","benchmark.db","10000","false","424663","tps"
"Benchmark","benchmark.db","10000","false","451241","tps"
"Benchmark","benchmark.db","10000","false","0","tps"
"Loading","benchmark.db","10000","wal-only","153","ms"
"Benchmark","benchmark.db","10000","wal-only","0","tps"
"Benchmark","benchmark.db","10000","wal-only","479252","tps"
"Benchmark","benchmark.db","10000","wal-only","541867","tps"
"Loading","benchmark.db","10000","pmem-nvme","150","ms"
"Benchmark","benchmark.db","10000","pmem-nvme","291309","tps"
"Benchmark","benchmark.db","10000","pmem-nvme","519666","tps"
"Benchmark","benchmark.db","10000","pmem-nvme","283180","tps"
"Loading","/mnt/pmem0/scheinost/benchmark.db","100000","true","1532","ms"
"Benchmark","/mnt/pmem0/scheinost/benchmark.db","100000","true","523731","tps"
"Benchmark","/mnt/pmem0/scheinost/benchmark.db","100000","true","273014","tps"
"Benchmark","/mnt/pmem0/scheinost/benchmark.db","100000","true","283001","tps"
"Loading","benchmark.db","100000","false","1827","ms"
"Benchmark","benchmark.db","100000","false","428192","tps"
"Benchmark","benchmark.db","100000","false","427579","tps"
"Benchmark","benchmark.db","100000","false","438585","tps"
"Loading","benchmark.db","100000","wal-only","1557","ms"
"Benchmark","benchmark.db","100000","wal-only","522045","tps"
"Benchmark","benchmark.db","100000","wal-only","279420","tps"
"Benchmark","benchmark.db","100000","wal-only","0","tps"
"Loading","benchmark.db","100000","pmem-nvme","1548","ms"
"Benchmark","benchmark.db","100000","pmem-nvme","283325","tps"
"Benchmark","benchmark.db","100000","pmem-nvme","477730","tps"
"Benchmark","benchmark.db","100000","pmem-nvme","0","tps"
"Loading","/mnt/pmem0/scheinost/benchmark.db","1000000","true","15710","ms"
"Benchmark","/mnt/pmem0/scheinost/benchmark.db","1000000","true","0","tps"
"Benchmark","/mnt/pmem0/scheinost/benchmark.db","1000000","true","483900","tps"
"Benchmark","/mnt/pmem0/scheinost/benchmark.db","1000000","true","463205","tps"
"Loading","benchmark.db","1000000","false","18922","ms"
"Benchmark","benchmark.db","1000000","false","432062","tps"
"Benchmark","benchmark.db","1000000","false","0","tps"
"Benchmark","benchmark.db","1000000","false","422095","tps"
"Loading","benchmark.db","1000000","wal-only","15692","ms"
"Benchmark","benchmark.db","1000000","wal-only","507349","tps"
"Benchmark","benchmark.db","1000000","wal-only","358399","tps"
"Benchmark","benchmark.db","1000000","wal-only","466485","tps"
"Loading","benchmark.db","1000000","pmem-nvme","15933","ms"
"Benchmark","benchmark.db","1000000","pmem-nvme","485792","tps"
"Benchmark","benchmark.db","1000000","pmem-nvme","470187","tps"
"Benchmark","benchmark.db","1000000","pmem-nvme","274931","tps"
"Loading","/mnt/pmem0/scheinost/benchmark.db","10000000","true","169586","ms"
"Benchmark","/mnt/pmem0/scheinost/benchmark.db","10000000","true","470592","tps"
"Benchmark","/mnt/pmem0/scheinost/benchmark.db","10000000","true","0","tps"
"Benchmark","/mnt/pmem0/scheinost/benchmark.db","10000000","true","262430","tps"
"Loading","benchmark.db","10000000","false","203198","ms"
"Benchmark","benchmark.db","10000000","false","205498","tps"
"Benchmark","benchmark.db","10000000","false","475364","tps"
"Benchmark","benchmark.db","10000000","false","210007","tps"
"Loading","benchmark.db","10000000","wal-only","170333","ms"
"Benchmark","benchmark.db","10000000","wal-only","0","tps"
"Benchmark","benchmark.db","10000000","wal-only","469834","tps"
"Benchmark","benchmark.db","10000000","wal-only","0","tps"
"Loading","benchmark.db","10000000","pmem-nvme","169761","ms"
"Benchmark","benchmark.db","10000000","pmem-nvme","458036","tps"
"Benchmark","benchmark.db","10000000","pmem-nvme","263959","tps"
"Benchmark","benchmark.db","10000000","pmem-nvme","471497","tps"
#########################################
		new test run
#########################################
"Loading","/mnt/pmem0/scheinost/benchmark.db","10000","true","149","ms"
"Benchmark","/mnt/pmem0/scheinost/benchmark.db","10000","true","47811.7","tps"
"Benchmark","/mnt/pmem0/scheinost/benchmark.db","10000","true","46498.6","tps"
"Benchmark","/mnt/pmem0/scheinost/benchmark.db","10000","true","46413.7","tps"
"Loading","benchmark.db","10000","false","170","ms"
"Benchmark","benchmark.db","10000","false","43059.3","tps"
"Benchmark","benchmark.db","10000","false","43315","tps"
"Benchmark","benchmark.db","10000","false","43358.5","tps"
"Loading","benchmark.db","10000","wal-only","152","ms"
"Benchmark","benchmark.db","10000","wal-only","47496","tps"
"Benchmark","benchmark.db","10000","wal-only","45917.8","tps"
"Benchmark","benchmark.db","10000","wal-only","46073.8","tps"
"Loading","benchmark.db","10000","pmem-nvme","149","ms"
"Benchmark","benchmark.db","10000","pmem-nvme","47138.1","tps"
"Benchmark","benchmark.db","10000","pmem-nvme","46030.6","tps"
"Benchmark","benchmark.db","10000","pmem-nvme","46530.2","tps"
"Loading","/mnt/pmem0/scheinost/benchmark.db","100000","true","1559","ms"
"Benchmark","/mnt/pmem0/scheinost/benchmark.db","100000","true","43886","tps"
"Benchmark","/mnt/pmem0/scheinost/benchmark.db","100000","true","42690.8","tps"
"Benchmark","/mnt/pmem0/scheinost/benchmark.db","100000","true","42802.1","tps"
"Loading","benchmark.db","100000","false","1970","ms"
"Benchmark","benchmark.db","100000","false","38424.2","tps"
"Benchmark","benchmark.db","100000","false","38241.7","tps"
"Benchmark","benchmark.db","100000","false","38055.7","tps"
"Loading","benchmark.db","100000","wal-only","1560","ms"
"Benchmark","benchmark.db","100000","wal-only","43850.2","tps"
"Benchmark","benchmark.db","100000","wal-only","42998.4","tps"
"Benchmark","benchmark.db","100000","wal-only","42885.7","tps"
"Loading","benchmark.db","100000","pmem-nvme","1571","ms"
"Benchmark","benchmark.db","100000","pmem-nvme","43544.8","tps"
"Benchmark","benchmark.db","100000","pmem-nvme","42872.9","tps"
"Benchmark","benchmark.db","100000","pmem-nvme","42791.2","tps"
"Loading","/mnt/pmem0/scheinost/benchmark.db","1000000","true","15614","ms"
"Benchmark","/mnt/pmem0/scheinost/benchmark.db","1000000","true","39827.4","tps"
"Benchmark","/mnt/pmem0/scheinost/benchmark.db","1000000","true","39739.4","tps"
"Benchmark","/mnt/pmem0/scheinost/benchmark.db","1000000","true","39554","tps"
"Loading","benchmark.db","1000000","false","18677","ms"
"Benchmark","benchmark.db","1000000","false","33180","tps"
"Benchmark","benchmark.db","1000000","false","33081.6","tps"
"Benchmark","benchmark.db","1000000","false","33393.4","tps"
"Loading","benchmark.db","1000000","wal-only","15635","ms"
"Benchmark","benchmark.db","1000000","wal-only","39741.7","tps"
"Benchmark","benchmark.db","1000000","wal-only","39890.2","tps"
"Benchmark","benchmark.db","1000000","wal-only","39889.9","tps"
"Loading","benchmark.db","1000000","pmem-nvme","15734","ms"
"Benchmark","benchmark.db","1000000","pmem-nvme","40164.4","tps"
"Benchmark","benchmark.db","1000000","pmem-nvme","39641.3","tps"
"Benchmark","benchmark.db","1000000","pmem-nvme","39865.3","tps"
"Loading","/mnt/pmem0/scheinost/benchmark.db","10000000","true","170429","ms"
"Benchmark","/mnt/pmem0/scheinost/benchmark.db","10000000","true","38122.2","tps"
"Benchmark","/mnt/pmem0/scheinost/benchmark.db","10000000","true","38341.7","tps"
"Benchmark","/mnt/pmem0/scheinost/benchmark.db","10000000","true","38032.9","tps"
"Loading","benchmark.db","10000000","false","198218","ms"
"Benchmark","benchmark.db","10000000","false","30294.9","tps"
"Benchmark","benchmark.db","10000000","false","30374.4","tps"
"Benchmark","benchmark.db","10000000","false","30462","tps"
"Loading","benchmark.db","10000000","wal-only","174637","ms"
"Benchmark","benchmark.db","10000000","wal-only","38016.3","tps"
"Benchmark","benchmark.db","10000000","wal-only","38227.5","tps"
"Benchmark","benchmark.db","10000000","wal-only","37894.7","tps"
"Loading","benchmark.db","10000000","pmem-nvme","170734","ms"
"Benchmark","benchmark.db","10000000","pmem-nvme","38620.1","tps"
"Benchmark","benchmark.db","10000000","pmem-nvme","38181.4","tps"
"Benchmark","benchmark.db","10000000","pmem-nvme","38359","tps"
#########################################
		new test run SYNC=FULL TRANSACTIONS PRECOMPUTED
##################################################################################
		new test run
#########################################
"Loading","/mnt/pmem0/scheinost/benchmark.db","10000","true","156","ms"
"Benchmark","/mnt/pmem0/scheinost/benchmark.db","10000","true","279347","tps"
"Benchmark","/mnt/pmem0/scheinost/benchmark.db","10000","true","460676","tps"
"Benchmark","/mnt/pmem0/scheinost/benchmark.db","10000","true","467246","tps"
"Loading","benchmark.db","10000","false","172","ms"
"Benchmark","benchmark.db","10000","false","0","tps"
"Benchmark","benchmark.db","10000","false","0","tps"
"Benchmark","benchmark.db","10000","false","405720","tps"
"Loading","benchmark.db","10000","wal-only","148","ms"
#########################################
		new test run
#########################################
"Loading","/mnt/pmem0/scheinost/benchmark.db","10000","true","148","ms"
#########################################
		new test run
#########################################
"Loading","/mnt/pmem0/scheinost/benchmark.db","10000","true","149","ms"
#########################################
		new test run
#########################################
"Loading","/mnt/pmem0/scheinost/benchmark.db","10000","true","149","ms"
#########################################
		new test run
#########################################
"Loading","/mnt/pmem0/scheinost/benchmark.db","10000","true","149","ms"
#########################################
		new test run
#########################################
"Loading","/mnt/pmem0/scheinost/benchmark.db","10000","true","148","ms"
"Benchmark","/mnt/pmem0/scheinost/benchmark.db","10000","true","24799.4","tps"
"Benchmark","/mnt/pmem0/scheinost/benchmark.db","10000","true","21398.2","tps"
#########################################
		new test run
#########################################
"Loading","/mnt/pmem0/scheinost/benchmark.db","10000","true","149","ms"
"Benchmark","/mnt/pmem0/scheinost/benchmark.db","10000","true","52546.1","tps"
"Benchmark","/mnt/pmem0/scheinost/benchmark.db","10000","true","52517.3","tps"
"Benchmark","/mnt/pmem0/scheinost/benchmark.db","10000","true","52750.7","tps"
"Loading","benchmark.db","10000","false","168","ms"
"Benchmark","benchmark.db","10000","false","42596.1","tps"
#########################################
		new test run SYNC=FULL TRANSACTIONS PRECOMPUTED
#########################################
#########################################
		new test run
#########################################
"Loading","/mnt/pmem0/scheinost/benchmark.db","10000","true","148","ms"
"Benchmark","/mnt/pmem0/scheinost/benchmark.db","10000","true","51657.4","tps"
"Benchmark","/mnt/pmem0/scheinost/benchmark.db","10000","true","51818.6","tps"
"Benchmark","/mnt/pmem0/scheinost/benchmark.db","10000","true","51722.6","tps"
"Loading","benchmark.db","10000","false","173","ms"
"Benchmark","benchmark.db","10000","false","41671.9","tps"
"Benchmark","benchmark.db","10000","false","41702.8","tps"
"Benchmark","benchmark.db","10000","false","41839.5","tps"
"Loading","benchmark.db","10000","wal-only","149","ms"
"Benchmark","benchmark.db","10000","wal-only","52720.2","tps"
"Benchmark","benchmark.db","10000","wal-only","52202","tps"
"Benchmark","benchmark.db","10000","wal-only","52071.9","tps"
"Loading","benchmark.db","10000","pmem-nvme","150","ms"
"Benchmark","benchmark.db","10000","pmem-nvme","52010.3","tps"
"Benchmark","benchmark.db","10000","pmem-nvme","52040.6","tps"
"Benchmark","benchmark.db","10000","pmem-nvme","51984.6","tps"
"Loading","/mnt/pmem0/scheinost/benchmark.db","100000","true","1607","ms"
"Benchmark","/mnt/pmem0/scheinost/benchmark.db","100000","true","47247.8","tps"
"Benchmark","/mnt/pmem0/scheinost/benchmark.db","100000","true","47378.2","tps"
"Benchmark","/mnt/pmem0/scheinost/benchmark.db","100000","true","47318.3","tps"
"Loading","benchmark.db","100000","false","1952","ms"
"Benchmark","benchmark.db","100000","false","36555","tps"
"Benchmark","benchmark.db","100000","false","36387.6","tps"
"Benchmark","benchmark.db","100000","false","36597.9","tps"
"Loading","benchmark.db","100000","wal-only","1591","ms"
"Benchmark","benchmark.db","100000","wal-only","47379.1","tps"
"Benchmark","benchmark.db","100000","wal-only","47118.8","tps"
"Benchmark","benchmark.db","100000","wal-only","47122.4","tps"
"Loading","benchmark.db","100000","pmem-nvme","1764","ms"
"Benchmark","benchmark.db","100000","pmem-nvme","47418.4","tps"
"Benchmark","benchmark.db","100000","pmem-nvme","47125.8","tps"
"Benchmark","benchmark.db","100000","pmem-nvme","47046.3","tps"
"Loading","/mnt/pmem0/scheinost/benchmark.db","1000000","true","16013","ms"
"Benchmark","/mnt/pmem0/scheinost/benchmark.db","1000000","true","43243.4","tps"
"Benchmark","/mnt/pmem0/scheinost/benchmark.db","1000000","true","43126.2","tps"
"Benchmark","/mnt/pmem0/scheinost/benchmark.db","1000000","true","43115.9","tps"
"Loading","benchmark.db","1000000","false","20567","ms"
"Benchmark","benchmark.db","1000000","false","31612.7","tps"
"Benchmark","benchmark.db","1000000","false","31968.2","tps"
"Benchmark","benchmark.db","1000000","false","31911.2","tps"
"Loading","benchmark.db","1000000","wal-only","15936","ms"
"Benchmark","benchmark.db","1000000","wal-only","42990.6","tps"
"Benchmark","benchmark.db","1000000","wal-only","43084.9","tps"
"Benchmark","benchmark.db","1000000","wal-only","42887.7","tps"
"Loading","benchmark.db","1000000","pmem-nvme","15950","ms"
"Benchmark","benchmark.db","1000000","pmem-nvme","43223.3","tps"
"Benchmark","benchmark.db","1000000","pmem-nvme","42992.1","tps"
"Benchmark","benchmark.db","1000000","pmem-nvme","43104.5","tps"
"Loading","/mnt/pmem0/scheinost/benchmark.db","10000000","true","173755","ms"
"Benchmark","/mnt/pmem0/scheinost/benchmark.db","10000000","true","40711.1","tps"
"Benchmark","/mnt/pmem0/scheinost/benchmark.db","10000000","true","40737.3","tps"
"Benchmark","/mnt/pmem0/scheinost/benchmark.db","10000000","true","40936.5","tps"
"Loading","benchmark.db","10000000","false","220597","ms"
"Benchmark","benchmark.db","10000000","false","29641","tps"
"Benchmark","benchmark.db","10000000","false","29083.4","tps"
"Benchmark","benchmark.db","10000000","false","29483.9","tps"
"Loading","benchmark.db","10000000","wal-only","174376","ms"
"Benchmark","benchmark.db","10000000","wal-only","40736","tps"
"Benchmark","benchmark.db","10000000","wal-only","40856.9","tps"
"Benchmark","benchmark.db","10000000","wal-only","40591.8","tps"
"Loading","benchmark.db","10000000","pmem-nvme","172981","ms"
"Benchmark","benchmark.db","10000000","pmem-nvme","40533.9","tps"
"Benchmark","benchmark.db","10000000","pmem-nvme","40807.4","tps"
"Benchmark","benchmark.db","10000000","pmem-nvme","41069.3","tps"
#########################################
		new test run
#########################################
"Loading","/mnt/pmem0/scheinost/benchmark.db","10000","true","150","ms"
"Benchmark","/mnt/pmem0/scheinost/benchmark.db","10000","true","107352","tps"
"Benchmark","/mnt/pmem0/scheinost/benchmark.db","10000","true","107939","tps"
"Benchmark","/mnt/pmem0/scheinost/benchmark.db","10000","true","106415","tps"
"Loading","benchmark.db","10000","false","164","ms"
"Benchmark","benchmark.db","10000","false","81406.1","tps"
"Benchmark","benchmark.db","10000","false","80977.6","tps"
"Benchmark","benchmark.db","10000","false","79438.9","tps"
"Loading","/mnt/pmem0/scheinost/benchmark.db","100000","true","1608","ms"
"Benchmark","/mnt/pmem0/scheinost/benchmark.db","100000","true","89926.4","tps"
"Benchmark","/mnt/pmem0/scheinost/benchmark.db","100000","true","89714.2","tps"
"Benchmark","/mnt/pmem0/scheinost/benchmark.db","100000","true","89532.3","tps"
"Loading","benchmark.db","100000","false","1812","ms"
"Benchmark","benchmark.db","100000","false","64794.4","tps"
"Benchmark","benchmark.db","100000","false","63962.7","tps"
"Benchmark","benchmark.db","100000","false","64389.7","tps"
"Loading","/mnt/pmem0/scheinost/benchmark.db","1000000","true","15590","ms"
"Benchmark","/mnt/pmem0/scheinost/benchmark.db","1000000","true","78346.8","tps"
"Benchmark","/mnt/pmem0/scheinost/benchmark.db","1000000","true","78716.8","tps"
"Benchmark","/mnt/pmem0/scheinost/benchmark.db","1000000","true","77831.7","tps"
"Loading","benchmark.db","1000000","false","18073","ms"
"Benchmark","benchmark.db","1000000","false","51311.7","tps"
"Benchmark","benchmark.db","1000000","false","51736.1","tps"
"Benchmark","benchmark.db","1000000","false","51943.8","tps"
"Loading","/mnt/pmem0/scheinost/benchmark.db","10000000","true","169691","ms"
"Benchmark","/mnt/pmem0/scheinost/benchmark.db","10000000","true","72758.4","tps"
"Benchmark","/mnt/pmem0/scheinost/benchmark.db","10000000","true","73592.1","tps"
"Benchmark","/mnt/pmem0/scheinost/benchmark.db","10000000","true","73349","tps"
"Loading","benchmark.db","10000000","false","195488","ms"
"Benchmark","benchmark.db","10000000","false","45082.4","tps"
"Benchmark","benchmark.db","10000000","false","45377.4","tps"
"Benchmark","benchmark.db","10000000","false","45534.7","tps"
#########################################
		new test run
#########################################
"Loading","/mnt/pmem0/scheinost/benchmark.db","10000","true","151","ms"
"Benchmark","/mnt/pmem0/scheinost/benchmark.db","10000","true","107925","tps"
"Benchmark","/mnt/pmem0/scheinost/benchmark.db","10000","true","107197","tps"
"Benchmark","/mnt/pmem0/scheinost/benchmark.db","10000","true","107982","tps"
"Loading","benchmark.db","10000","false","159","ms"
"Benchmark","benchmark.db","10000","false","83659.5","tps"
"Benchmark","benchmark.db","10000","false","83587.5","tps"
"Benchmark","benchmark.db","10000","false","83677.8","tps"
"Loading","/mnt/pmem0/scheinost/benchmark.db","100000","true","1592","ms"
"Benchmark","/mnt/pmem0/scheinost/benchmark.db","100000","true","93010.9","tps"
"Benchmark","/mnt/pmem0/scheinost/benchmark.db","100000","true","92625.1","tps"
"Benchmark","/mnt/pmem0/scheinost/benchmark.db","100000","true","92671.7","tps"
"Loading","benchmark.db","100000","false","1724","ms"
"Benchmark","benchmark.db","100000","false","68678.7","tps"
"Benchmark","benchmark.db","100000","false","68606.5","tps"
"Benchmark","benchmark.db","100000","false","67088.8","tps"
"Loading","/mnt/pmem0/scheinost/benchmark.db","1000000","true","15814","ms"
"Benchmark","/mnt/pmem0/scheinost/benchmark.db","1000000","true","78200.5","tps"
"Benchmark","/mnt/pmem0/scheinost/benchmark.db","1000000","true","78392.3","tps"
"Benchmark","/mnt/pmem0/scheinost/benchmark.db","1000000","true","78486.4","tps"
"Loading","benchmark.db","1000000","false","17592","ms"
"Benchmark","benchmark.db","1000000","false","54100.2","tps"
"Benchmark","benchmark.db","1000000","false","54041.5","tps"
"Benchmark","benchmark.db","1000000","false","53244.6","tps"
"Loading","/mnt/pmem0/scheinost/benchmark.db","10000000","true","171179","ms"
"Benchmark","/mnt/pmem0/scheinost/benchmark.db","10000000","true","74297.3","tps"
"Benchmark","/mnt/pmem0/scheinost/benchmark.db","10000000","true","74215.2","tps"
"Benchmark","/mnt/pmem0/scheinost/benchmark.db","10000000","true","73972.6","tps"
"Loading","benchmark.db","10000000","false","188941","ms"
"Benchmark","benchmark.db","10000000","false","47073","tps"
#########################################
		new test run
#########################################
"Loading","/mnt/pmem0/scheinost/benchmark.db","10000","true","156","ms"
"Benchmark","/mnt/pmem0/scheinost/benchmark.db","10000","true","46612.9","tps"
"Benchmark","/mnt/pmem0/scheinost/benchmark.db","10000","true","46729.7","tps"
"Benchmark","/mnt/pmem0/scheinost/benchmark.db","10000","true","46873.9","tps"
"Loading","benchmark.db","10000","false","160","ms"
"Benchmark","benchmark.db","10000","false","46751.4","tps"
"Benchmark","benchmark.db","10000","false","46452.9","tps"
"Benchmark","benchmark.db","10000","false","46937.9","tps"
"Loading","/mnt/pmem0/scheinost/benchmark.db","100000","true","1708","ms"
"Benchmark","/mnt/pmem0/scheinost/benchmark.db","100000","true","43215.6","tps"
"Benchmark","/mnt/pmem0/scheinost/benchmark.db","100000","true","42601","tps"
"Benchmark","/mnt/pmem0/scheinost/benchmark.db","100000","true","42872.8","tps"
"Loading","benchmark.db","100000","false","1781","ms"
"Benchmark","benchmark.db","100000","false","41092.3","tps"
"Benchmark","benchmark.db","100000","false","40727.6","tps"
"Benchmark","benchmark.db","100000","false","40894.4","tps"
"Loading","/mnt/pmem0/scheinost/benchmark.db","1000000","true","15748","ms"
"Benchmark","/mnt/pmem0/scheinost/benchmark.db","1000000","true","39949.4","tps"
"Benchmark","/mnt/pmem0/scheinost/benchmark.db","1000000","true","40090.3","tps"
"Benchmark","/mnt/pmem0/scheinost/benchmark.db","1000000","true","39993.4","tps"
"Loading","benchmark.db","1000000","false","17465","ms"
"Benchmark","benchmark.db","1000000","false","35319.8","tps"
"Benchmark","benchmark.db","1000000","false","35347.5","tps"
"Benchmark","benchmark.db","1000000","false","35398","tps"
"Loading","/mnt/pmem0/scheinost/benchmark.db","10000000","true","170606","ms"
"Benchmark","/mnt/pmem0/scheinost/benchmark.db","10000000","true","38277.4","tps"
"Benchmark","/mnt/pmem0/scheinost/benchmark.db","10000000","true","38176.8","tps"
"Benchmark","/mnt/pmem0/scheinost/benchmark.db","10000000","true","38284","tps"
"Loading","benchmark.db","10000000","false","188742","ms"
"Benchmark","benchmark.db","10000000","false","32111.3","tps"
"Benchmark","benchmark.db","10000000","false","31819.8","tps"
"Benchmark","benchmark.db","10000000","false","32048.2","tps"
#########################################
		new test run
#########################################
"Loading","/mnt/pmem0/scheinost/benchmark.db","10000","true","146","ms"
"Benchmark","/mnt/pmem0/scheinost/benchmark.db","10000","true","46130.9","tps"
"Benchmark","/mnt/pmem0/scheinost/benchmark.db","10000","true","46621.1","tps"
"Benchmark","/mnt/pmem0/scheinost/benchmark.db","10000","true","46657.2","tps"
"Loading","benchmark.db","10000","false","157","ms"
"Benchmark","benchmark.db","10000","false","46736.2","tps"
"Benchmark","benchmark.db","10000","false","46498.1","tps"
"Benchmark","benchmark.db","10000","false","46528.5","tps"
"Loading","/mnt/pmem0/scheinost/benchmark.db","100000","true","1535","ms"
"Benchmark","/mnt/pmem0/scheinost/benchmark.db","100000","true","42875.6","tps"
"Benchmark","/mnt/pmem0/scheinost/benchmark.db","100000","true","42946","tps"
"Benchmark","/mnt/pmem0/scheinost/benchmark.db","100000","true","42484.6","tps"
"Loading","benchmark.db","100000","false","1677","ms"
"Benchmark","benchmark.db","100000","false","40897.6","tps"
"Benchmark","benchmark.db","100000","false","40646.4","tps"
"Benchmark","benchmark.db","100000","false","40808.8","tps"
"Loading","/mnt/pmem0/scheinost/benchmark.db","1000000","true","15547","ms"
"Benchmark","/mnt/pmem0/scheinost/benchmark.db","1000000","true","39716.4","tps"
"Benchmark","/mnt/pmem0/scheinost/benchmark.db","1000000","true","39881.2","tps"
"Benchmark","/mnt/pmem0/scheinost/benchmark.db","1000000","true","40038.7","tps"
"Loading","benchmark.db","1000000","false","17290","ms"
"Benchmark","benchmark.db","1000000","false","35412.6","tps"
"Benchmark","benchmark.db","1000000","false","35319.1","tps"
"Benchmark","benchmark.db","1000000","false","35404.1","tps"
"Loading","/mnt/pmem0/scheinost/benchmark.db","10000000","true","169096","ms"
"Benchmark","/mnt/pmem0/scheinost/benchmark.db","10000000","true","38219.2","tps"
"Benchmark","/mnt/pmem0/scheinost/benchmark.db","10000000","true","38381.7","tps"
"Benchmark","/mnt/pmem0/scheinost/benchmark.db","10000000","true","38239.2","tps"
"Loading","benchmark.db","10000000","false","186947","ms"
"Benchmark","benchmark.db","10000000","false","32084.6","tps"
"Benchmark","benchmark.db","10000000","false","31991","tps"
"Benchmark","benchmark.db","10000000","false","31859.8","tps"
